{
 "cells": [
  {
   "cell_type": "markdown",
   "metadata": {
    "id": "CIu2DPx5tWcg"
   },
   "source": [
    "## Практическая работа"
   ]
  },
  {
   "cell_type": "markdown",
   "metadata": {
    "id": "MEdLy24do28f"
   },
   "source": [
    "## Цели практической работы\n",
    "\n",
    "*  решить реальную задачу;\n",
    "*  потренироваться в обработке данных;\n",
    "*  обучить различные модели классификации, подобрать гиперпараметры и выбрать лучшую модель;\n",
    "*  добиться наилучшего качества в задаче."
   ]
  },
  {
   "cell_type": "markdown",
   "metadata": {
    "id": "d6oxDXgFpD_6"
   },
   "source": [
    "## Что входит в практическую работу\n",
    "\n",
    "*  исследование датасета и обработка данных (работа с пропущенными и ошибочными значениями);\n",
    "*  обучение различных моделей классификации с параметрами по умолчанию;\n",
    "*  подбор гиперпараметров моделей;\n",
    "*  смешивание моделей;\n",
    "*  оценка качества моделей."
   ]
  },
  {
   "cell_type": "markdown",
   "metadata": {
    "id": "WOZ8SueHpZGd"
   },
   "source": [
    "## Что оценивается\n",
    "\n",
    "*  Выполнены все этапы задания: код запускается, отрабатывает без ошибок; подробно и обоснованно написаны текстовые выводы, где это требуется."
   ]
  },
  {
   "cell_type": "markdown",
   "metadata": {
    "id": "UMr-wvh3pbrK"
   },
   "source": [
    "## Формат сдачи\n",
    "Выполните предложенные задания: впишите свой код (или, если требуется, текст) в ячейки после комментариев. \n",
    "\n",
    "*Комментарии — это текст, который начинается с символа #. Например: # ваш код здесь.*\n",
    "\n",
    "Сохраните изменения, используя опцию Save and Checkpoint из вкладки меню File или кнопку Save and Checkpoint на панели инструментов. Итоговый файл в формате .ipynb (файл Jupyter Notebook) загрузите в личный кабинет и отправьте на проверку."
   ]
  },
  {
   "cell_type": "markdown",
   "metadata": {
    "id": "ENiWYl_EtWcm"
   },
   "source": [
    "### 1. Загрузите тренировочные и тестовые датасеты"
   ]
  },
  {
   "cell_type": "code",
   "execution_count": 231,
   "metadata": {
    "id": "_uf-KNwQtWcn"
   },
   "outputs": [],
   "source": [
    "import pandas as pd\n",
    "from sklearn.preprocessing import StandardScaler\n",
    "from sklearn.linear_model import LogisticRegression\n",
    "from sklearn.svm import SVC\n",
    "from sklearn.neighbors import KNeighborsClassifier\n",
    "\n",
    "Xtrain = pd.read_csv(\"TrainData.csv\")\n",
    "Xtest = pd.read_csv(\"TestData.csv\")"
   ]
  },
  {
   "cell_type": "markdown",
   "metadata": {
    "id": "CaELM2gPtWcq"
   },
   "source": [
    "### 2. Изучите тренировочные и тестовые данные на наличие:\n",
    "- пропусков,\n",
    "- ошибочных значений.\n",
    "\n",
    "Обработайте пропуски и ошибочные значения способом, выбранным по своему усмотрению."
   ]
  },
  {
   "cell_type": "code",
   "execution_count": 232,
   "metadata": {
    "id": "sqevAjp-tWcr"
   },
   "outputs": [
    {
     "name": "stdout",
     "output_type": "stream",
     "text": [
      "f1           0\n",
      "f2          75\n",
      "f3           0\n",
      "f4           0\n",
      "f5           0\n",
      "f6           0\n",
      "f7        1875\n",
      "f8           0\n",
      "f9           0\n",
      "f10          0\n",
      "f11         10\n",
      "f12          0\n",
      "f13          0\n",
      "f14          0\n",
      "target       0\n",
      "dtype: int64 f1        0\n",
      "f2        0\n",
      "f3        0\n",
      "f4        0\n",
      "f5        0\n",
      "f6        0\n",
      "f7        0\n",
      "f8        0\n",
      "f9        0\n",
      "f10       0\n",
      "f11       0\n",
      "f12       0\n",
      "f13       0\n",
      "f14       0\n",
      "target    0\n",
      "dtype: int64\n"
     ]
    }
   ],
   "source": [
    "# Ваш код здесь\n",
    "print(Xtrain.isnull().sum(),\n",
    "      Xtest.isnull().sum())"
   ]
  },
  {
   "cell_type": "code",
   "execution_count": 233,
   "metadata": {},
   "outputs": [
    {
     "name": "stdout",
     "output_type": "stream",
     "text": [
      "<class 'pandas.core.frame.DataFrame'>\n",
      "RangeIndex: 7500 entries, 0 to 7499\n",
      "Data columns (total 15 columns):\n",
      " #   Column  Non-Null Count  Dtype  \n",
      "---  ------  --------------  -----  \n",
      " 0   f1      7500 non-null   int64  \n",
      " 1   f2      7425 non-null   float64\n",
      " 2   f3      7500 non-null   int64  \n",
      " 3   f4      7500 non-null   float64\n",
      " 4   f5      7500 non-null   int64  \n",
      " 5   f6      7500 non-null   float64\n",
      " 6   f7      5625 non-null   float64\n",
      " 7   f8      7500 non-null   float64\n",
      " 8   f9      7500 non-null   float64\n",
      " 9   f10     7500 non-null   float64\n",
      " 10  f11     7490 non-null   float64\n",
      " 11  f12     7500 non-null   int64  \n",
      " 12  f13     7500 non-null   int64  \n",
      " 13  f14     7500 non-null   float64\n",
      " 14  target  7500 non-null   int64  \n",
      "dtypes: float64(9), int64(6)\n",
      "memory usage: 879.0 KB\n"
     ]
    }
   ],
   "source": [
    "Xtrain.info()"
   ]
  },
  {
   "cell_type": "code",
   "execution_count": 234,
   "metadata": {},
   "outputs": [
    {
     "name": "stdout",
     "output_type": "stream",
     "text": [
      "              f1        f2        f3        f4        f5        f6        f7  \\\n",
      "f1      1.000000  0.125707 -0.073050  0.112205  0.027038  0.337874  0.121423   \n",
      "f2      0.125707  1.000000 -0.029289  0.140138  0.127031  0.147146  0.239829   \n",
      "f3     -0.073050 -0.029289  1.000000 -0.042141 -0.064165 -0.026528 -0.045178   \n",
      "f4      0.112205  0.140138 -0.042141  1.000000  0.890847  0.119112  0.494116   \n",
      "f5      0.027038  0.127031 -0.064165  0.890847  1.000000  0.078884  0.470290   \n",
      "f6      0.337874  0.147146 -0.026528  0.119112  0.078884  1.000000  0.176419   \n",
      "f7      0.121423  0.239829 -0.045178  0.494116  0.470290  0.176419  1.000000   \n",
      "f8      0.355870  0.155305 -0.030084  0.141998  0.101603  0.970146  0.196481   \n",
      "f9      0.028806  0.035175 -0.090260  0.090250  0.087710  0.098415  0.098406   \n",
      "f10     0.081405  0.110230  0.031323  0.045335  0.006922  0.404981  0.110439   \n",
      "f11     0.063056  0.078790 -0.001988  0.166163  0.121473  0.087553  0.104129   \n",
      "f12     0.068098  0.039166 -0.009039  0.088649  0.070077  0.091073  0.082223   \n",
      "f13     0.063043  0.191285 -0.026998  0.172236  0.144001  0.213057  0.212686   \n",
      "f14     0.060450  0.036015 -0.117053  0.118368  0.200022  0.021380  0.124722   \n",
      "target  0.232241  0.178782 -0.025223  0.355809  0.316971  0.446191  0.340129   \n",
      "\n",
      "              f8        f9       f10       f11       f12       f13       f14  \\\n",
      "f1      0.355870  0.028806  0.081405  0.063056  0.068098  0.063043  0.060450   \n",
      "f2      0.155305  0.035175  0.110230  0.078790  0.039166  0.191285  0.036015   \n",
      "f3     -0.030084 -0.090260  0.031323 -0.001988 -0.009039 -0.026998 -0.117053   \n",
      "f4      0.141998  0.090250  0.045335  0.166163  0.088649  0.172236  0.118368   \n",
      "f5      0.101603  0.087710  0.006922  0.121473  0.070077  0.144001  0.200022   \n",
      "f6      0.970146  0.098415  0.404981  0.087553  0.091073  0.213057  0.021380   \n",
      "f7      0.196481  0.098406  0.110439  0.104129  0.082223  0.212686  0.124722   \n",
      "f8      1.000000  0.103986  0.387139  0.089547  0.096546  0.227986  0.039384   \n",
      "f9      0.103986  1.000000  0.100186  0.024393  0.029808  0.050370  0.061350   \n",
      "f10     0.387139  0.100186  1.000000  0.041829  0.054964  0.225151  0.008463   \n",
      "f11     0.089547  0.024393  0.041829  1.000000 -0.031662  0.063154  0.013853   \n",
      "f12     0.096546  0.029808  0.054964 -0.031662  1.000000  0.064842  0.022723   \n",
      "f13     0.227986  0.050370  0.225151  0.063154  0.064842  1.000000  0.021525   \n",
      "f14     0.039384  0.061350  0.008463  0.013853  0.022723  0.021525  1.000000   \n",
      "target  0.453420  0.104383  0.205664  0.217820  0.162584  0.223599  0.098095   \n",
      "\n",
      "          target  \n",
      "f1      0.232241  \n",
      "f2      0.178782  \n",
      "f3     -0.025223  \n",
      "f4      0.355809  \n",
      "f5      0.316971  \n",
      "f6      0.446191  \n",
      "f7      0.340129  \n",
      "f8      0.453420  \n",
      "f9      0.104383  \n",
      "f10     0.205664  \n",
      "f11     0.217820  \n",
      "f12     0.162584  \n",
      "f13     0.223599  \n",
      "f14     0.098095  \n",
      "target  1.000000  \n"
     ]
    }
   ],
   "source": [
    "df_corr = Xtrain.select_dtypes(include='number')\n",
    "corr_matrix = df_corr.corr()\n",
    "print(corr_matrix)"
   ]
  },
  {
   "cell_type": "code",
   "execution_count": 235,
   "metadata": {},
   "outputs": [
    {
     "name": "stdout",
     "output_type": "stream",
     "text": [
      "f2\n",
      "f9\n",
      "f11\n",
      "f12\n",
      "f14\n",
      "target\n"
     ]
    }
   ],
   "source": [
    "# Не очень понял почему так. Хотел удалить выбросы с помощью межквартильного размаха, но здесь у очень многих\n",
    "# фич q3 == q1 ( и даже == q2)\n",
    "numerical = Xtrain.columns\n",
    "for feat in numerical:\n",
    "    if Xtrain[feat].quantile(0.25) == Xtrain[feat].quantile(0.75):\n",
    "        print(feat)\n",
    "    else:\n",
    "        pass"
   ]
  },
  {
   "cell_type": "code",
   "execution_count": 236,
   "metadata": {},
   "outputs": [
    {
     "name": "stdout",
     "output_type": "stream",
     "text": [
      "f1        0\n",
      "f2        0\n",
      "f3        0\n",
      "f4        0\n",
      "f5        0\n",
      "f6        0\n",
      "f7        0\n",
      "f8        0\n",
      "f9        0\n",
      "f10       0\n",
      "f11       0\n",
      "f12       0\n",
      "f13       0\n",
      "f14       0\n",
      "target    0\n",
      "dtype: int64 f1        0\n",
      "f2        0\n",
      "f3        0\n",
      "f4        0\n",
      "f5        0\n",
      "f6        0\n",
      "f7        0\n",
      "f8        0\n",
      "f9        0\n",
      "f10       0\n",
      "f11       0\n",
      "f12       0\n",
      "f13       0\n",
      "f14       0\n",
      "target    0\n",
      "dtype: int64\n"
     ]
    }
   ],
   "source": [
    "# Удаляем выбросы и заполняем нулевые значения.\n",
    "numerical = Xtrain.columns\n",
    "\n",
    "for feat in numerical:\n",
    "    Xtrain[feat].fillna(Xtrain[feat].median(), inplace=True)\n",
    "    mean = Xtrain[feat].mean()\n",
    "    std = Xtrain[feat].std()\n",
    "    threshold = 3\n",
    "    Xtrain = Xtrain[(Xtrain[feat] < mean + threshold * std) & (Xtrain[feat] > mean - threshold * std)]\n",
    "    \n",
    "print(Xtrain.isnull().sum(),\n",
    "      Xtest.isnull().sum())"
   ]
  },
  {
   "cell_type": "code",
   "execution_count": 237,
   "metadata": {},
   "outputs": [
    {
     "data": {
      "text/plain": [
       "(6080, 15)"
      ]
     },
     "execution_count": 237,
     "metadata": {},
     "output_type": "execute_result"
    }
   ],
   "source": [
    "Xtrain.shape"
   ]
  },
  {
   "cell_type": "code",
   "execution_count": 257,
   "metadata": {},
   "outputs": [
    {
     "name": "stdout",
     "output_type": "stream",
     "text": [
      "              f1        f2        f3        f4        f5        f6        f7  \\\n",
      "f1      1.000000  0.097936 -0.065366  0.077512  0.001474  0.352442  0.081144   \n",
      "f2      0.097936  1.000000 -0.007973  0.129770  0.121509  0.091060  0.177631   \n",
      "f3     -0.065366 -0.007973  1.000000 -0.020616 -0.021799 -0.035692 -0.011988   \n",
      "f4      0.077512  0.129770 -0.020616  1.000000  0.910288  0.079373  0.413853   \n",
      "f5      0.001474  0.121509 -0.021799  0.910288  1.000000  0.047337  0.385695   \n",
      "f6      0.352442  0.091060 -0.035692  0.079373  0.047337  1.000000  0.138915   \n",
      "f7      0.081144  0.177631 -0.011988  0.413853  0.385695  0.138915  1.000000   \n",
      "f8      0.367467  0.102276 -0.034185  0.102573  0.069470  0.971491  0.154242   \n",
      "f9      0.003336 -0.018983 -0.116949  0.073059  0.069834  0.102252  0.075883   \n",
      "f10     0.072342  0.066509  0.021547  0.017217 -0.008660  0.409475  0.085780   \n",
      "f11     0.107911  0.038391 -0.012399  0.154293  0.134889  0.131990  0.106947   \n",
      "f12     0.006743  0.009724 -0.013781  0.004993 -0.005655 -0.026277  0.000941   \n",
      "f13     0.095599  0.134504 -0.021976  0.141263  0.117384  0.210168  0.175942   \n",
      "f14    -0.008804 -0.011004 -0.040272  0.052295  0.060112  0.012338  0.048407   \n",
      "target  0.009845  0.005083  0.008135  0.007374  0.007341 -0.017429 -0.035629   \n",
      "\n",
      "              f8        f9       f10       f11       f12       f13       f14  \\\n",
      "f1      0.367467  0.003336  0.072342  0.107911  0.006743  0.095599 -0.008804   \n",
      "f2      0.102276 -0.018983  0.066509  0.038391  0.009724  0.134504 -0.011004   \n",
      "f3     -0.034185 -0.116949  0.021547 -0.012399 -0.013781 -0.021976 -0.040272   \n",
      "f4      0.102573  0.073059  0.017217  0.154293  0.004993  0.141263  0.052295   \n",
      "f5      0.069470  0.069834 -0.008660  0.134889 -0.005655  0.117384  0.060112   \n",
      "f6      0.971491  0.102252  0.409475  0.131990 -0.026277  0.210168  0.012338   \n",
      "f7      0.154242  0.075883  0.085780  0.106947  0.000941  0.175942  0.048407   \n",
      "f8      1.000000  0.103039  0.393696  0.139973 -0.027731  0.229555  0.026653   \n",
      "f9      0.103039  1.000000  0.095271  0.023996  0.004532  0.055808 -0.029875   \n",
      "f10     0.393696  0.095271  1.000000  0.048986 -0.026036  0.219412  0.039713   \n",
      "f11     0.139973  0.023996  0.048986  1.000000 -0.007600  0.086049  0.013892   \n",
      "f12    -0.027731  0.004532 -0.026036 -0.007600  1.000000  0.000919 -0.013077   \n",
      "f13     0.229555  0.055808  0.219412  0.086049  0.000919  1.000000  0.017997   \n",
      "f14     0.026653 -0.029875  0.039713  0.013892 -0.013077  0.017997  1.000000   \n",
      "target -0.017335 -0.021806 -0.025546  0.035357 -0.012185  0.007820 -0.007393   \n",
      "\n",
      "          target  \n",
      "f1      0.009845  \n",
      "f2      0.005083  \n",
      "f3      0.008135  \n",
      "f4      0.007374  \n",
      "f5      0.007341  \n",
      "f6     -0.017429  \n",
      "f7     -0.035629  \n",
      "f8     -0.017335  \n",
      "f9     -0.021806  \n",
      "f10    -0.025546  \n",
      "f11     0.035357  \n",
      "f12    -0.012185  \n",
      "f13     0.007820  \n",
      "f14    -0.007393  \n",
      "target  1.000000  \n"
     ]
    }
   ],
   "source": [
    "df_corr = Xtrain.select_dtypes(include='number')\n",
    "corr_matrix = df_corr.corr()\n",
    "print(corr_matrix)"
   ]
  },
  {
   "cell_type": "markdown",
   "metadata": {
    "id": "oQkpwQGHtWcr"
   },
   "source": [
    "### 3. Оцените баланс классов в задаче\n",
    "- Затем попытайтесь устно ответить на вопрос, можно ли использовать accuracy как метрику качества в задаче? "
   ]
  },
  {
   "cell_type": "code",
   "execution_count": 238,
   "metadata": {},
   "outputs": [
    {
     "data": {
      "text/plain": [
       "target\n",
       "0    4823\n",
       "1    1257\n",
       "Name: count, dtype: int64"
      ]
     },
     "execution_count": 238,
     "metadata": {},
     "output_type": "execute_result"
    }
   ],
   "source": [
    "# Ваш код здесь # Метрика accuracy плоха для не сбалансированных выборок, поэтому она не подойдет под эту задачу.\n",
    "Xtrain['target'].value_counts()"
   ]
  },
  {
   "cell_type": "markdown",
   "metadata": {
    "id": "xB_ReQ62tWct"
   },
   "source": [
    "### 3. Постройте baseline-модель:\n",
    "- разбейте TrainData на тренировочные (Train) и тестовые данные (Test); \n",
    "- обучите KNN, LogisticRegression и SVC с параметрами по умолчанию на тренировочных данных (Train);\n",
    "- примените модели на тестовых данных (Test) и вычислите значение метрики f1."
   ]
  },
  {
   "cell_type": "code",
   "execution_count": 239,
   "metadata": {
    "id": "WUfRVj5ctWcu"
   },
   "outputs": [],
   "source": [
    "# Ваш код здесь\n",
    "from sklearn.metrics import f1_score\n",
    "\n",
    "scaler = StandardScaler()\n",
    "\n",
    "ytrain = Xtrain['target']\n",
    "Xtrain = Xtrain.drop('target', axis=1)\n",
    "ytest = Xtest['target']\n",
    "Xtest = Xtest.drop('target', axis=1)\n",
    "\n",
    "columns = Xtrain.columns\n",
    "Xtrain = pd.DataFrame(scaler.fit_transform(Xtrain), columns = columns)\n",
    "Xtest = pd.DataFrame(scaler.fit_transform(Xtest), columns = columns)"
   ]
  },
  {
   "cell_type": "code",
   "execution_count": 240,
   "metadata": {},
   "outputs": [
    {
     "name": "stdout",
     "output_type": "stream",
     "text": [
      "KNeighborsClassifier(): 0.15128593040847202\n",
      "LogisticRegression(): 0.13291139240506328\n",
      "SVC(): 0.02356902356902357\n"
     ]
    }
   ],
   "source": [
    "models = [\n",
    "    KNeighborsClassifier(),\n",
    "    LogisticRegression(),\n",
    "    SVC()\n",
    "]\n",
    "\n",
    "for m in models:\n",
    "    m.fit(Xtrain, ytrain)\n",
    "    m_pred = m.predict(Xtest)\n",
    "    print(f'{m}: {f1_score(ytest, m_pred)}')"
   ]
  },
  {
   "cell_type": "markdown",
   "metadata": {
    "id": "KYQnr8CftWcv"
   },
   "source": [
    "### 4. Улучшите модели\n",
    "Попробуйте улучшить качество обученных моделей:\n",
    "- можете подбирать гиперпараметры моделей (лучше это делать по кросс-валидации на Train, то есть с помощью использования GridSearchCV на Train);\n",
    "- можете задавать class_weights;\n",
    "- можете вручную или при помощи методов Python генерировать новые признаки и/или удалять существующие.\n",
    "\n",
    "Это самая важная и творческая часть задания. Проводите как можно больше экспериментов!\n",
    "\n",
    "Проведите минимиум три эксперимента: для каждого типа модели минимум один эксперимент."
   ]
  },
  {
   "cell_type": "code",
   "execution_count": 256,
   "metadata": {
    "id": "ZJrKNIw8tWcw"
   },
   "outputs": [
    {
     "name": "stdout",
     "output_type": "stream",
     "text": [
      "              f1        f2        f3        f4        f5        f6        f7  \\\n",
      "f1      1.000000  0.097936 -0.065366  0.077512  0.001474  0.352442  0.081144   \n",
      "f2      0.097936  1.000000 -0.007973  0.129770  0.121509  0.091060  0.177631   \n",
      "f3     -0.065366 -0.007973  1.000000 -0.020616 -0.021799 -0.035692 -0.011988   \n",
      "f4      0.077512  0.129770 -0.020616  1.000000  0.910288  0.079373  0.413853   \n",
      "f5      0.001474  0.121509 -0.021799  0.910288  1.000000  0.047337  0.385695   \n",
      "f6      0.352442  0.091060 -0.035692  0.079373  0.047337  1.000000  0.138915   \n",
      "f7      0.081144  0.177631 -0.011988  0.413853  0.385695  0.138915  1.000000   \n",
      "f8      0.367467  0.102276 -0.034185  0.102573  0.069470  0.971491  0.154242   \n",
      "f9      0.003336 -0.018983 -0.116949  0.073059  0.069834  0.102252  0.075883   \n",
      "f10     0.072342  0.066509  0.021547  0.017217 -0.008660  0.409475  0.085780   \n",
      "f11     0.107911  0.038391 -0.012399  0.154293  0.134889  0.131990  0.106947   \n",
      "f12     0.006743  0.009724 -0.013781  0.004993 -0.005655 -0.026277  0.000941   \n",
      "f13     0.095599  0.134504 -0.021976  0.141263  0.117384  0.210168  0.175942   \n",
      "f14    -0.008804 -0.011004 -0.040272  0.052295  0.060112  0.012338  0.048407   \n",
      "target  0.009845  0.005083  0.008135  0.007374  0.007341 -0.017429 -0.035629   \n",
      "\n",
      "              f8        f9       f10       f11       f12       f13       f14  \\\n",
      "f1      0.367467  0.003336  0.072342  0.107911  0.006743  0.095599 -0.008804   \n",
      "f2      0.102276 -0.018983  0.066509  0.038391  0.009724  0.134504 -0.011004   \n",
      "f3     -0.034185 -0.116949  0.021547 -0.012399 -0.013781 -0.021976 -0.040272   \n",
      "f4      0.102573  0.073059  0.017217  0.154293  0.004993  0.141263  0.052295   \n",
      "f5      0.069470  0.069834 -0.008660  0.134889 -0.005655  0.117384  0.060112   \n",
      "f6      0.971491  0.102252  0.409475  0.131990 -0.026277  0.210168  0.012338   \n",
      "f7      0.154242  0.075883  0.085780  0.106947  0.000941  0.175942  0.048407   \n",
      "f8      1.000000  0.103039  0.393696  0.139973 -0.027731  0.229555  0.026653   \n",
      "f9      0.103039  1.000000  0.095271  0.023996  0.004532  0.055808 -0.029875   \n",
      "f10     0.393696  0.095271  1.000000  0.048986 -0.026036  0.219412  0.039713   \n",
      "f11     0.139973  0.023996  0.048986  1.000000 -0.007600  0.086049  0.013892   \n",
      "f12    -0.027731  0.004532 -0.026036 -0.007600  1.000000  0.000919 -0.013077   \n",
      "f13     0.229555  0.055808  0.219412  0.086049  0.000919  1.000000  0.017997   \n",
      "f14     0.026653 -0.029875  0.039713  0.013892 -0.013077  0.017997  1.000000   \n",
      "target -0.017335 -0.021806 -0.025546  0.035357 -0.012185  0.007820 -0.007393   \n",
      "\n",
      "          target  \n",
      "f1      0.009845  \n",
      "f2      0.005083  \n",
      "f3      0.008135  \n",
      "f4      0.007374  \n",
      "f5      0.007341  \n",
      "f6     -0.017429  \n",
      "f7     -0.035629  \n",
      "f8     -0.017335  \n",
      "f9     -0.021806  \n",
      "f10    -0.025546  \n",
      "f11     0.035357  \n",
      "f12    -0.012185  \n",
      "f13     0.007820  \n",
      "f14    -0.007393  \n",
      "target  1.000000  \n"
     ]
    }
   ],
   "source": [
    "# Ваш код здесь\n",
    "Xtrain = Xtrain.join(ytrain)\n",
    "df_corr = Xtrain.select_dtypes(include='number')\n",
    "corr_matrix = df_corr.corr()\n",
    "print(corr_matrix)"
   ]
  },
  {
   "cell_type": "markdown",
   "metadata": {
    "id": "yfu3yy_7tWcy"
   },
   "source": [
    "### 5. Оцените на отложенной выборке качество наилучшей модели\n",
    "В пунктах 3 и 4 вы построили много разных моделей.\n",
    "\n",
    "Возьмите ту, которая дала наилучшее качество на тестовых данных (Test). Примените её на отложенной выборке (TestData) и выведите на экран значение метрики f1."
   ]
  },
  {
   "cell_type": "code",
   "execution_count": 242,
   "metadata": {
    "id": "upHUOfrktWcy"
   },
   "outputs": [],
   "source": [
    "# Ваш код здесь"
   ]
  },
  {
   "cell_type": "markdown",
   "metadata": {
    "id": "YZT0rMuStWcz"
   },
   "source": [
    "### 6. Выполните хитрый трюк\n",
    "Часто смешивание различных моделей даёт улучшение итогового предсказания. Попробуйте смешать две лучшие модели по формуле:\n",
    "$$pred_{final} = \\alpha\\cdot pred_1 + (1-\\alpha)\\cdot pred_2$$.\n",
    "\n",
    "Значение $\\alpha$ подберите в цикле по Test-выборке. Оцените качество на отложенной выборке.\n",
    "\n",
    "Удалось ли добиться улучшения качества?"
   ]
  },
  {
   "cell_type": "code",
   "execution_count": 243,
   "metadata": {
    "id": "3DdSsk6gtWc7"
   },
   "outputs": [],
   "source": [
    "# Ваш код здесь"
   ]
  },
  {
   "cell_type": "markdown",
   "metadata": {
    "id": "9b9imFkLtWc8"
   },
   "source": [
    "### 7. Сделайте выводы\n",
    "\n",
    "Запишите в отдельной ячейке текстом выводы о проделанной работе. Для этого ответьте на вопросы:\n",
    "- Какие подходы вы использовали для улучшения работы baseline-моделей?\n",
    "- Какого максимального качества удалось добиться на Test-данных?\n",
    "- Какое при этом получилось качество на отложенной выборке? \n",
    "- Ваша модель переобучилась, недообучилась или обучилась как надо?"
   ]
  },
  {
   "cell_type": "code",
   "execution_count": 244,
   "metadata": {
    "id": "wWgT4ulytWc-"
   },
   "outputs": [],
   "source": [
    "# Ваш текст здесь"
   ]
  },
  {
   "cell_type": "markdown",
   "metadata": {
    "id": "cnFjm55atWc-"
   },
   "source": [
    "Важный комментарий! В реальных задачах не следует ожидать, что машинным обучением всегда удастся решить задачу с хорошим качеством. Но использовать все имеющиеся у вас в арсенале методы для достижения наилучшего результата нужно."
   ]
  }
 ],
 "metadata": {
  "colab": {
   "collapsed_sections": [],
   "provenance": []
  },
  "kernelspec": {
   "display_name": "Python 3 (ipykernel)",
   "language": "python",
   "name": "python3"
  },
  "language_info": {
   "codemirror_mode": {
    "name": "ipython",
    "version": 3
   },
   "file_extension": ".py",
   "mimetype": "text/x-python",
   "name": "python",
   "nbconvert_exporter": "python",
   "pygments_lexer": "ipython3",
   "version": "3.11.7"
  }
 },
 "nbformat": 4,
 "nbformat_minor": 4
}
